# R script for Peak Model
#  -- generated by MACS
p <- c(0.020894489347,0.0242743027596,0.0279438144647,0.0310701418713,0.0344982383326,0.0341723277535,0.0342206108023,0.034329247662,0.0342206108023,0.0346310167167,0.0350293518689,0.035294908637,0.0349689980579,0.0352224840639,0.0352586963504,0.0355846069295,0.036067437417,0.0359829420817,0.0360795081792,0.0358260221733,0.0355966776917,0.0357777391245,0.0359105175086,0.035874305222,0.0361881450389,0.036320923423,0.0356932437892,0.0357777391245,0.0359708713195,0.0361640035145,0.0363933479961,0.0362847111364,0.0366226924777,0.0369244615324,0.0363571357095,0.0360915789414,0.0364899140936,0.0361881450389,0.0360553666548,0.0356087484539,0.0353431916858,0.0356208192161,0.0353069793992,0.0349931395823,0.0355483946429,0.0358984467464,0.0360191543683,0.0365623386667,0.0367313293373,0.0370693106786,0.0374314335442,0.0369365322945,0.0370210276299,0.0379021932696,0.0379021932696,0.0385419436655,0.0384695190924,0.0387712881471,0.0390730572018,0.0388557834824,0.0385419436655,0.039024774153,0.0388799250068,0.0384333068058,0.0385057313789,0.0376124949771,0.0379504763183,0.0375521411661,0.037286584398,0.0374555750686,0.0380108301293,0.0378901225074,0.0384574483302,0.0385298729033,0.038891995769,0.0390489156774,0.0388195711958,0.0391092694883,0.039278260159,0.039664524549,0.0391575525371,0.0391454817749,0.039024774153,0.0389040665311,0.0387592173849,0.0392903309212,0.0395800292137,0.0391454817749,0.0398455859818,0.039797302933,0.0402922041827,0.0408353884812,0.041209582109,0.0414872096393,0.0417527664075,0.0418131202184,0.0420183231756,0.0422114553706,0.0417527664075,0.0417406956453,0.0417648371696,0.0419338278403,0.0418734740293,0.0426942858581,0.0424770121387,0.0421148892731,0.0419941816512,0.0419338278403,0.0417406956453,0.0422718091815,0.0420303939378,0.0421511015597,0.0421511015597,0.0417769079318,0.0419096863159,0.0421028185109,0.0419700401268,0.0426339320472,0.0430926210103,0.0431046917725,0.0439255036013,0.0437927252172,0.0444324756131,0.0441789896072,0.0440341404609,0.0443238387534,0.0444807586619,0.0439013620769,0.0440944942719,0.0439013620769,0.0436599468331,0.0439858574122,0.0441307065584,0.044806669241,0.0452050043932,0.0454102073503,0.0464000098497,0.047377741587,0.0474380953979,0.0480416335073,0.048283048751,0.0482226949401,0.047896784361,0.047510519971,0.0478605720745,0.048343402562,0.047764005977,0.0474380953979,0.0479692089342,0.0479209258854,0.0481985534157,0.0483796148485,0.0481019873182,0.0483916856107,0.0487417377142,0.0485003224704,0.048862445336,0.0490193652445,0.0487417377142,0.0492849220126,0.0492245682017,0.0494056296345,0.0502264414633,0.0508179088105,0.0503471490851,0.0503592198473,0.0502143707011,0.0506851304264,0.0509748287189,0.0506127058533,0.0507937672861,0.0506851304264,0.0507092719508,0.0506368473776,0.0511679609139,0.0515059422552,0.0515904375905,0.0514818007308,0.0520249850292,0.0521456926511,0.0526888769496,0.0529785752421,0.0531475659127,0.0534614057296,0.053811457833,0.0537511040221,0.0543425713693,0.054837472619,0.0546564111862,0.0549340387165,0.055223737009,0.0553927276796,0.0555858598746,0.0555496475881,0.0552599492956,0.055610001399,0.0558755581671,0.0560566195999,0.05644288399,0.0571188466725,0.0574447572515,0.0581569322206,0.0584345597509,0.0588449656653,0.0594967868235,0.0598709804513,0.0600761834085,0.0599192635,0.0597744143538,0.0597382020672,0.0596416359697,0.0597502728294,0.0599434050244,0.0603417401766,0.0607159338044,0.0612832596272,0.0614643210601,0.0623454866998,0.0627558926142,0.0631904400529,0.0632749353882,0.0641078179792,0.0647837806617,0.0647958514239,0.0653631772467,0.0652786819114,0.0655804509661,0.065447672582,0.0661960598377,0.0665219704167,0.0670651547152,0.0669565178555,0.0675721267271,0.0683325847449,0.0685377877021,0.0693344580065,0.069624156299,0.0702276944084,0.0700587037377,0.0697327931587,0.0702518359328,0.0712054261456,0.0716399735843,0.0722917947425,0.0730160404737,0.0737885692538,0.074899079375,0.075345697576,0.0758768111122,0.0767700475141,0.077470151721,0.0773735856235,0.0774339394345,0.0770114627579,0.076697622941,0.0766614106545,0.0765165615082,0.0768666136116,0.0777477792513,0.0779409114464,0.0783392465985,0.0790031385189,0.0793411198601,0.0803067808352,0.0812362295236,0.0818639091574,0.0828778531811,0.0834572497662,0.084024575589,0.0850143780884,0.0851471564724,0.0855575623868,0.0863904449778,0.0871388322334,0.0873440351906,0.0875250966234,0.0880320686353,0.0890339418969,0.0896012677197,0.0910014761335,0.0919671371085,0.0923413307363,0.0934397700954,0.0939588128695,0.0949365446067,0.0960591254902,0.0965298852155,0.0965902390264,0.0963608945449,0.0965540267399,0.096626451313,0.096433319118,0.0960953377767,0.0960591254902,0.0958056394842,0.0960591254902,0.0958659932952,0.097205847898,0.0987750469824,0.0991130283237,0.0995355050003,0.100935713414,0.102010011249,0.103168804419,0.105534673808,0.106971094508,0.108673071976,0.109071407129,0.11007328039,0.111425205755,0.113042687888,0.113803145906,0.114696382308,0.115324061942,0.115360274228,0.115396486515,0.116989827124,0.118317610964,0.118559026208,0.11857109697,0.118498672397,0.119874739287,0.120900754073,0.122023334956,0.122880359071,0.122759651449,0.122880359071,0.123133845077,0.123930515382,0.124606478064,0.126392950868,0.126875781356,0.128239777483,0.129314075317,0.130340090103,0.132826667114,0.133997531046,0.134975262784,0.136628957203,0.137860174946,0.139562152415,0.14119170531,0.141710748084,0.142881612016,0.142821258206,0.142785045919,0.143243734882,0.144752580156,0.145464755125,0.146539052959,0.14659940677,0.146237283905,0.146804609728,0.147033954209,0.148591082531,0.149665380366,0.149955078659,0.149846441799,0.150051644756,0.150510333719,0.151403570121,0.152960698443,0.153528024266,0.154493685241,0.155217930972,0.156762988532,0.157764861794,0.158730522769,0.159599617647,0.160710127768,0.161760284078,0.162400034474,0.163329483163,0.163088067919,0.163727818315,0.164343427186,0.165321158924,0.165936767795,0.167614603739,0.168097434227,0.167856018983,0.16855612319,0.168713043098,0.170342595994,0.170656435811,0.17153760145,0.173010234437,0.174277664467,0.174338018278,0.175001910198,0.176510755472,0.176860807575,0.177235001203,0.178369652849,0.180107842604,0.180747592999,0.181471838731,0.181640829401,0.182244367511,0.183825637357,0.184030840315,0.18450160004,0.18632428513,0.18731408763,0.187784847355,0.188460810037,0.18885914519,0.189957584549,0.191212943816,0.191635420493,0.192697647565,0.193373610248,0.194290988174,0.195510135155,0.19581190421,0.196777565185,0.197332820245,0.198093278263,0.199058939238,0.199348637531,0.200229803171,0.202064559023,0.201750719206,0.202318045029,0.203947597924,0.204539065272,0.205142603381,0.206144476643,0.207049783807,0.208353426123,0.209101813379,0.210151969689,0.211745310298,0.21175738106,0.212445414505,0.213205872522,0.214714717796,0.215861440204,0.216102855447,0.216585685935,0.217358214715,0.217128870233,0.218106601971,0.219337819714,0.220001711634,0.221063938707,0.222729703889,0.223707435626,0.224673096601,0.22671305541,0.229259986232,0.232024190773,0.234884961412,0.237612953666,0.240654785737,0.243938033052,0.246822945215,0.250673518353,0.254017119479,0.256588191825,0.257988400239,0.260293915817,0.260414623439,0.260161137433,0.259364467128,0.25705895155,0.253908482619,0.250420032347,0.247221280367,0.244300155918,0.241246253085,0.23774573205,0.236116179155,0.2333881869,0.231746563243,0.230249788731,0.228825438793,0.228692660409,0.228028768489,0.228052910013,0.227606291812,0.225747394435,0.223876426296,0.2242264784,0.223115968279,0.223852284772,0.224093700016,0.222765916175,0.222440005596,0.220617320506,0.219156758281,0.219337819714,0.219639588768,0.218396300263,0.217949682062,0.215692449533,0.214425019503,0.213845622918,0.213362792431,0.213121377187,0.212602334413,0.212179857736,0.211117630664,0.209958837494,0.209198379476,0.208703478226,0.20866726594,0.207472260483,0.205709929204,0.204285579266,0.204128659357,0.203223352193,0.202414611127,