# R script for Peak Model
#  -- generated by MACS
p <- c(0.0424087784161,0.0497783923589,0.0568130238497,0.063914651831,0.0706812973602,0.0707482938506,0.0705473043795,0.0698103429852,0.0699108377208,0.0694083640428,0.0710832763026,0.0709157850766,0.0709157850766,0.0713512622641,0.0717867394517,0.0722892131296,0.0727581885623,0.07235620962,0.0721217219036,0.0729591780335,0.0725571990911,0.0724567043555,0.0724902026007,0.0718202376968,0.0719877289228,0.0711837710382,0.072021227168,0.073227163995,0.0737631359181,0.073394655221,0.073394655221,0.0737296376729,0.0741316166153,0.0748685780095,0.0749020762547,0.0746340902932,0.0736961394277,0.073394655221,0.073394655221,0.074265609596,0.0745670938028,0.0741316166153,0.0741651148605,0.0739306271441,0.0734281534662,0.0736961394277,0.0745335955576,0.0746675885384,0.0746340902932,0.0740981183701,0.0731266692594,0.0729926762787,0.0721217219036,0.0715522517353,0.0717867394517,0.0710162798122,0.0699108377208,0.0700113324563,0.0696763500044,0.0679679394995,0.068403416687,0.0687049008938,0.069609353514,0.0701788236823,0.070982781567,0.0713512622641,0.0718872341872,0.0712507675285,0.0714852552449,0.0726241955815,0.0729591780335,0.0730261745238,0.0730261745238,0.0717867394517,0.0711837710382,0.0713847605093,0.0713177640189,0.0710162798122,0.0706143008698,0.0708822868314,0.0702793184179,0.0707147956054,0.069944335966,0.071150272793,0.0703128166631,0.0706812973602,0.0707147956054,0.0711837710382,0.0713512622641,0.0714852552449,0.0720547254132,0.0712172692833,0.0718872341872,0.0716192482257,0.0716527464709,0.0715857499805,0.0709492833218,0.0712172692833,0.0710832763026,0.0707147956054,0.0700448307015,0.0703798131535,0.0707147956054,0.071150272793,0.0712172692833,0.0712842657737,0.0718202376968,0.0711837710382,0.0710832763026,0.070815290341,0.070815290341,0.0700783289467,0.0687049008938,0.0680349359899,0.0679344412543,0.0681354307255,0.0679679394995,0.068235925461,0.0687718973842,0.0689728868553,0.0690398833457,0.0688388938745,0.0690063851005,0.0692073745717,0.0695088587784,0.068570907913,0.0688723921197,0.0692408728169,0.0685374096678,0.0686714026486,0.0684369149322,0.068738399139,0.0687718973842,0.0692743710621,0.0691068798361,0.0698773394756,0.0692073745717,0.0686714026486,0.0693748657977,0.0693078693073,0.0700448307015,0.0711167745478,0.0707817920958,0.069944335966,0.0702793184179,0.0698438412304,0.0701118271919,0.0706143008698,0.0705138061343,0.0700783289467,0.0701788236823,0.0699108377208,0.0704803078891,0.0711167745478,0.0705808026247,0.0710497780574,0.071853735942,0.0721552201488,0.0715857499805,0.0717532412065,0.0716192482257,0.0715522517353,0.0717197429613,0.0710832763026,0.0714182587545,0.0701788236823,0.0692743710621,0.0688053956293,0.0690063851005,0.0690063851005,0.0688388938745,0.0688388938745,0.068570907913,0.0691068798361,0.0698438412304,0.0705808026247,0.0705808026247,0.0695088587784,0.0696428517592,0.0696763500044,0.0692073745717,0.0685374096678,0.0690398833457,0.0680349359899,0.0676664552927,0.0676664552927,0.0676999535379,0.0679009430091,0.0673314728408,0.0672979745956,0.0674989640668,0.0675994588024,0.0669629921437,0.0676664552927,0.0678674447639,0.0677669500283,0.0674319675764,0.0687049008938,0.0695423570236,0.0701118271919,0.0698103429852,0.0703128166631,0.0704133113987,0.0700783289467,0.0692408728169,0.0699778342112,0.0697098482496,0.0690063851005,0.0684704131774,0.0677669500283,0.0676664552927,0.0678339465187,0.067532462312,0.0681689289707,0.068738399139,0.0680014377447,0.0686714026486,0.0685374096678,0.0691403780813,0.0695423570236,0.0696428517592,0.0684704131774,0.0688723921197,0.0690733815909,0.0690063851005,0.0691068798361,0.0686379044034,0.0696763500044,0.0690063851005,0.0695088587784,0.0695088587784,0.0709157850766,0.0716527464709,0.0708487885862,0.0710497780574,0.0719207324324,0.0731936657498,0.0722557148844,0.0729591780335,0.0733276587306,0.0739306271441,0.073562146447,0.0733611569758,0.0743996025768,0.074265609596,0.0741986131057,0.0737631359181,0.0748685780095,0.0749690727451,0.0741316166153,0.0742991078412,0.0742991078412,0.0749690727451,0.0749020762547,0.0745000973124,0.0739306271441,0.0742991078412,0.0736291429373,0.073059672769,0.0723227113748,0.0716527464709,0.0702458201727,0.0694083640428,0.0684704131774,0.0690398833457,0.0689728868553,0.068403416687,0.0680349359899,0.068738399139,0.0684369149322,0.0686379044034,0.06977684474,0.0690398833457,0.0692073745717,0.068570907913,0.0686379044034,0.0681019324803,0.0688723921197,0.0682694237062,0.0691738763265,0.0695758552688,0.0698773394756,0.0708487885862,0.0714517569997,0.072188718394,0.0723227113748,0.0727581885623,0.0731601675046,0.0732941604854,0.0733276587306,0.0731266692594,0.0730931710142,0.0727581885623,0.073394655221,0.0743326060864,0.0752370587067,0.0760745148365,0.0763425007981,0.0777494270963,0.077883420077,0.0793573428656,0.0806972726734,0.0823051884427,0.0822046937071,0.0827741638754,0.0839801007024,0.085286532265,0.0865929638276,0.0878323988998,0.090110279573,0.0907802444769,0.0908472409673,0.0914502093808,0.0925556514722,0.0930916233953,0.0932591146213,0.0934601040924,0.0931586198857,0.0928571356789,0.0932926128665,0.0935271005828,0.0941970654867,0.0944315532031,0.0942975602223,0.0944315532031,0.0946995391646,0.0945655461839,0.0955369952945,0.0962739566888,0.0964749461599,0.0964749461599,0.0967764303667,0.0972454057994,0.0981163601745,0.0982838514004,0.0984513426264,0.0987528268332,0.0979823671937,0.0982838514004,0.0977813777225,0.0984178443812,0.0984178443812,0.0978483742129,0.0982503531552,0.0980158654389,0.0971114128186,0.0971449110638,0.0973124022898,0.096307454934,0.0964079496696,0.0958384795013,0.0957044865205,0.0954030023137,0.0950345216166,0.0949675251262,0.0952355110878,0.0952690093329,0.0945320479387,0.0948335321454,0.0947330374098,0.0945655461839,0.0948335321454,0.0950345216166,0.0945320479387,0.0946325426743,0.0945655461839,0.093560598828,0.0938620830348,0.0941300689963,0.0937615882992,0.0948670303906,0.0939960760156,0.0936945918088,0.0937615882992,0.0936610935636,0.0941300689963,0.0946325426743,0.0952020128426,0.0944650514483,0.0939960760156,0.0929241321693,0.0927566409434,0.0928236374338,0.0926226479626,0.0929576304145,0.0923881602462,0.0924216584914,0.0915172058712,0.0918856865683,0.0917851918327,0.0919861813039,0.0919191848135,0.0923211637558,0.0918521883231,0.0914167111356,0.0906462514961,0.0908807392125,0.0910147321933,0.0907467462317,0.0916511988519,0.0904117637798,0.0911822234192,0.0916177006068,0.0923211637558,0.0928571356789,0.0929241321693,0.0932926128665,0.0944315532031,0.0943645567127,0.0943980549579,0.0950010233714,0.0949675251262,0.0961064654628,0.0966089391407,0.0976808829869,0.0993892934919,0.0995232864726,0.0997242759438,0.101030707506,0.10170067241,0.102839612747,0.103643570632,0.102605125031,0.102705619766,0.102303640824,0.102102651353,0.102370637314,0.10330858818,0.103107598708,0.103342086425,0.104514525007,0.104749012723,0.105519472362,0.105653465343,0.104079047819,0.104682016233,0.104548023252,0.103610072386,0.102169647843,0.100997209261,0.0986858303428,0.0976138864966,0.0969774198379,0.0962069601984,0.0969774198379,0.0965754408955,0.0965419426503,0.0956374900301,0.096139963708,0.0973124022898,0.0984178443812,0.0994897882274,0.0996572794534,0.100059258396,0.100628728564,0.101432686449,0.102002156617,0.102270142579,0.103107598708,0.103007103973,0.10247113205,0.101734170655,0.101466184694,0.101667174165,0.101600177675,0.100595230319,0.0986523320976,0.0990208127947,0.0993222970015,0.0980158654389,0.0979153707033,0.0975468900062,0.0978148759677,0.0968769251023,0.0967094338763,0.0970444163283,0.0980493636841,0.0979488689485,0.0975468900062,0.0990543110399,0.100193251377,0.101097703997,0.100963711016,0.101868163636,0.10170067241,0.102203146088,0.103509577651,0.103677068877,0.103074100463,0.102404135559,0.102672121521,0.103275089934,0.102839612747,0.103543075896,0.104615019742,0.104615019742,0.10337558467,0.103040602218,0.105016998685,0.105150991665,0.104146044309,0.104548023252,0.104849507459,