# R script for Peak Model
#  -- generated by MACS
p <- c(0.0321835543587,0.0374335479329,0.0424009897696,0.0479973370866,0.0531744140834,0.0531744140834,0.05341139296,0.0532017577999,0.0530832683616,0.0530285809286,0.0528918623459,0.0530923829338,0.0533840492435,0.0537486321306,0.0540494130124,0.0542134753116,0.0545233707657,0.0551340471016,0.054796807931,0.0548332662197,0.0550246722354,0.0545142561935,0.0545324853378,0.0543319647499,0.0540311838681,0.0535572261149,0.0532199869443,0.053156184939,0.0534205075322,0.0535845698314,0.0534751949653,0.054231704456,0.0547512350701,0.0542772773169,0.0543684230386,0.0547694642145,0.0551887345346,0.0551705053903,0.0554439425556,0.055516859133,0.0553710259782,0.0552160782512,0.0550611305241,0.0549061827971,0.0552981094008,0.055617119427,0.0552707656842,0.0550702450963,0.0549061827971,0.0549152973693,0.0550793596685,0.0553527968338,0.0551705053903,0.0558085254427,0.0554530571278,0.0551613908181,0.055516859133,0.0553254531173,0.0553983696947,0.0555897757104,0.0555988902826,0.0556353485713,0.0554712862721,0.0553254531173,0.055361911406,0.0554804008443,0.0548788390806,0.0547876933588,0.0552798802564,0.0553072239729,0.055261651112,0.0546145164874,0.054696547637,0.0546145164874,0.0548150370753,0.0550155576632,0.0554621716999,0.0555533174217,0.0552798802564,0.0547603496423,0.0551978491068,0.0555533174217,0.0554439425556,0.0550337868076,0.0548970682249,0.054641860204,0.0543410793221,0.0545871727709,0.054696547637,0.0548697245084,0.0545780581987,0.05454159991,0.0547056622092,0.0548423807919,0.0548970682249,0.055261651112,0.0557447234374,0.0554165988391,0.0550975888128,0.0555715465661,0.0557447234374,0.0556626922879,0.0560910771802,0.0562460249072,0.056236910335,0.0559725877419,0.0556626922879,0.0559817023141,0.0563280560568,0.056081962608,0.0561184208967,0.0565194620725,0.0563827434899,0.0563280560568,0.0564283163508,0.0562186811907,0.0559179003088,0.0560363897471,0.0557264942931,0.0558996711645,0.055772067154,0.0558632128758,0.0560181606028,0.0562551394794,0.0560637334637,0.0564009726342,0.0566288369387,0.0561366500411,0.0562733686237,0.0559452440254,0.0556991505766,0.0555259737052,0.0557082651487,0.0555897757104,0.0560455043193,0.0561366500411,0.0564009726342,0.0567837846657,0.0566288369387,0.0571483675528,0.0572942007076,0.0573215444242,0.0567199826604,0.0568293575266,0.0565650349334,0.0566652952274,0.0571939404137,0.0570936801197,0.0575129504399,0.0573488881407,0.0574582630068,0.0571939404137,0.0573853464294,0.05793222076,0.0581691996367,0.0581691996367,0.0574764921512,0.057312429852,0.0576040961617,0.0575494087286,0.0576587835947,0.0579504499044,0.0581418559201,0.0581509704923,0.0583059182193,0.0584061785133,0.0590441985657,0.0596822186181,0.0590988859988,0.0594452397415,0.0599738849278,0.0600194577887,0.0596275311851,0.0594361251693,0.0596093020407,0.0593358648754,0.059162688004,0.0588254488334,0.0593632085919,0.0597004477625,0.0594999271746,0.0595455000355,0.0598645100617,0.0596548749016,0.059417896025,0.0594543543137,0.0592811774423,0.0594999271746,0.0593632085919,0.0588254488334,0.0585702408125,0.0589439382717,0.0594999271746,0.0596731040459,0.0599921140722,0.0605572175472,0.0602746658097,0.0601835200879,0.0598462809173,0.0600923743661,0.0600559160774,0.0598918537782,0.0591809171484,0.0593540940197,0.0593358648754,0.059317635731,0.0605207592584,0.06111320645,0.0614413310484,0.0614048727597,0.061833257652,0.0618879450851,0.0626809128645,0.0629908083185,0.0629270063133,0.0626171108593,0.0623801319827,0.0622342988278,0.062498621421,0.0624074756992,0.0622525279722,0.0621887259669,0.0620702365286,0.0617147682137,0.0619790908068,0.0624074756992,0.0620793511008,0.0623527882661,0.0626171108593,0.0627902877306,0.0625624234262,0.0625897671427,0.0624621631322,0.0625897671427,0.0627356002976,0.0628905480246,0.0631913289064,0.0628814334524,0.0626262254314,0.0628814334524,0.0631366414734,0.0634100786387,0.0634738806439,0.0634647660718,0.0627538294419,0.0628632043081,0.0629270063133,0.0628905480246,0.062653569148,0.0627173711532,0.0629543500298,0.0634191932109,0.0638658072476,0.0648046081819,0.0654152845178,0.0652694513629,0.0654517428065,0.0656066905335,0.0659803879928,0.0659348151319,0.0659348151319,0.0657798674048,0.0659165859875,0.0650780453472,0.0652876805073,0.0655793468169,0.0660259608536,0.0662355960137,0.0664634603182,0.0662811688746,0.0669647617879,0.067174396948,0.0672928863863,0.0674569486855,0.067484292402,0.0670012200766,0.066709553767,0.0670559075097,0.0672290843811,0.0679855938718,0.0674660632577,0.0679855938718,0.067994708444,0.0684413224807,0.0686418430686,0.0695988731472,0.0696626751525,0.0697720500186,0.0695168419976,0.0695441857141,0.0698631957404,0.0696991334412,0.0696262168637,0.0699087686012,0.0698176228795,0.0698176228795,0.069999914323,0.0698814248847,0.0704829866484,0.0708111112468,0.0720415784908,0.0723970468057,0.0735819411888,0.0755324596347,0.0770728223327,0.0785949558864,0.080837140642,0.0823410450513,0.0843097926417,0.0858228116231,0.0869530185731,0.0881834858171,0.0894777550663,0.0891314013235,0.0899790565361,0.0900428585413,0.089359265628,0.0898970253865,0.0899699419639,0.0899608273917,0.0892954636227,0.0903071811344,0.0901613479796,0.0904985871502,0.0906626494494,0.0907811388877,0.0910636906252,0.0913188986461,0.0913280132183,0.091519419234,0.0924673347405,0.0918840021211,0.0923215015857,0.0927316573336,0.0931326985095,0.0929412924937,0.0931053547929,0.0931418130816,0.0930142090712,0.0931965005147,0.0928136884832,0.0929686362103,0.0930324382155,0.0932238442312,0.0928957196328,0.0936795728401,0.0943175928925,0.0951834772494,0.0957668098687,0.0962043093333,0.0963866007768,0.096960818824,0.0976899845982,0.0978449323252,0.0980545674853,0.0980727966296,0.0979178489026,0.0978996197583,0.0980636820575,0.0982824317897,0.0985649835272,0.0987655041151,0.0984920669498,0.0989022226978,0.0989386809865,0.0999503984982,0.099941283926,0.0999959713591,0.100178262803,0.10016914823,0.10096211601,0.100916543149,0.100934772293,0.100807168283,0.101281126036,0.101144407453,0.101809771222,0.101973833522,0.10201029181,0.102147010393,0.101955604377,0.101846229511,0.102064979243,0.1029308636,0.102939978172,0.103204300766,0.103550654508,0.104389195149,0.105054558918,0.105701693542,0.105920443274,0.106093620146,0.105729037259,0.105154819212,0.105956901563,0.105865755841,0.106421744744,0.106640494476,0.107305858245,0.107551951694,0.109046741531,0.109630074151,0.110167833909,0.110650906235,0.111124863988,0.111489446875,0.11155324888,0.111188665993,0.111416530297,0.11126158257,0.110833197678,0.111361842864,0.112282414654,0.112583195536,0.11276548698,0.11339439246,0.113695173342,0.114087099945,0.114287620533,0.115381369195,0.116083191252,0.116320170129,0.116985533898,0.116730325877,0.116730325877,0.116520690717,0.116976419326,0.117678241383,0.118216001142,0.118051938843,0.117732928816,0.118042824271,0.118188657425,0.119200374937,0.119710790979,0.1211782371,0.121433445121,0.121324070254,0.121442559693,0.121880059157,0.122636568648,0.1232745887,0.123411307283,0.124031098191,0.12419516049,0.124222504207,0.125106617708,0.125288909152,0.125033701131,0.125735523188,0.126182137225,0.126127449792,0.12624593923,0.126410001529,0.127631354201,0.127886562222,0.127768072784,0.128679530002,0.129809736952,0.129946455534,0.130502444437,0.131377443366,0.132361817161,0.133245930663,0.133182128657,0.133710773844,0.134202960741,0.135351396836,0.135533688279,0.136864415817,0.137101394694,0.137511550442,0.137456863009,0.137894362473,0.138869621696,0.13947118346,0.140528473832,0.141257639607,0.141613107921,0.14206883653,0.142433419417,0.142962064604,0.14420164642,0.144958155911,0.144839666472,0.145258936792,0.145641748824,0.145386540803,0.14617039401,0.14583315484,0.146270654304,0.147163882378,0.147683412992,0.147656069275,0.148740703364,0.149415181705,0.150034972613,0.150818825821,0.152286271941,0.153462051752,0.155111789316,0.155057101883,0.155731580224,0.15642428771,0.157126109768,0.158028452413,0.158958138775,0.1596052734,0.160088345725,