# R script for Peak Model
#  -- generated by MACS
p <- c(0.0220506208092,0.0257642358406,0.0292687881,0.0327018188846,0.036261387663,0.0364594471313,0.0365419719098,0.0366795132072,0.0365474735617,0.0364429421756,0.0362998992262,0.0363714207009,0.0364649487832,0.0365639785174,0.0365529752136,0.036365919049,0.0362888959224,0.0364979586946,0.0365529752136,0.0367290280743,0.036910582587,0.0369600974541,0.0370371205806,0.0373067015237,0.0373617180427,0.0374387411692,0.0373672196945,0.0374387411692,0.037394727954,0.037504760992,0.0373837246502,0.0373342097832,0.0374277378654,0.0371086420553,0.0371416519667,0.0371856651819,0.0371691602262,0.0370591271882,0.0373782229983,0.0368940776313,0.0370041106692,0.0371031404034,0.03718016353,0.0376092923781,0.0377633386312,0.0375322692515,0.0375157642958,0.0375652791629,0.037345213087,0.0376588072452,0.0376588072452,0.0372791932642,0.0370921370996,0.0368225561566,0.0366134933845,0.0366354999921,0.0366630082515,0.0365474735617,0.0363879256566,0.0363384107895,0.0360578265427,0.0360028100237,0.0359918067199,0.0362998992262,0.0362283777516,0.0362558860111,0.0363824240047,0.0362833942705,0.0364814537389,0.0366299983402,0.0369325891946,0.037290196568,0.0374442428211,0.0375267675996,0.0378403617578,0.0379999096629,0.0382474839983,0.0384950583337,0.038643602935,0.0384730517261,0.0383300087768,0.0382914972135,0.0382914972135,0.0384180352072,0.0382804939097,0.0381209460046,0.0381374509603,0.0378953782768,0.0377083221123,0.037829358454,0.0380384212262,0.0381099427008,0.0384840550299,0.0379999096629,0.0380054113148,0.0380769327895,0.0381319493084,0.0386876161502,0.0389737020489,0.0390507251755,0.0391167449983,0.0392707912514,0.0389957086565,0.03923778134,0.0392982995109,0.0396834151438,0.0393863259413,0.0390287185679,0.0391992697767,0.039292797859,0.0393918275932,0.0393313094223,0.0392762929033,0.0393148044666,0.0396779134919,0.0393918275932,0.0395238672388,0.0397109234033,0.0395403721945,0.0395568771501,0.0394413424603,0.0395073622831,0.0397549366185,0.0399089828717,0.0396669101881,0.0402555869413,0.0401895671185,0.0405086629286,0.0405636794476,0.0405196662324,0.0407947488273,0.0408332603906,0.0408002504792,0.0405746827514,0.0406296992704,0.0401675605109,0.040162058859,0.0400300192134,0.0398759729603,0.0400575274729,0.0399860059982,0.0401455539033,0.0402060720742,0.0406792141374,0.0412513859349,0.0415099635741,0.0418070527766,0.041680514783,0.0419721023336,0.042005112245,0.0418895775551,0.042005112245,0.0419280891184,0.0417520362576,0.0413889272323,0.0414659503589,0.0412733925425,0.0415814850488,0.0415759833969,0.041245884283,0.0414989602703,0.0411853661121,0.0412128743716,0.0413339107134,0.041515465226,0.0413944288842,0.0415374718336,0.0415759833969,0.0419170858146,0.0423352113589,0.0422966997956,0.0426157956057,0.0431879674032,0.0432759938335,0.0433915285234,0.0437601392006,0.0437821458082,0.0436170962512,0.0435565780804,0.0437766441563,0.0439637003208,0.0441067432702,0.0437216276373,0.0436556078145,0.0439471953651,0.0438206573715,0.0439747036246,0.0442332812639,0.0439692019727,0.0438921788462,0.0439306904094,0.044062730055,0.0440737333588,0.0443818258651,0.0439251887576,0.0438976804981,0.0440572284031,0.0440572284031,0.0442552878715,0.0441892680487,0.0441782647449,0.0441837663968,0.0446624101119,0.0447999514094,0.0451905686942,0.0456086942385,0.0458837768334,0.0460378230866,0.0463624205486,0.0466980213144,0.0470886385992,0.0469070840865,0.0467970510486,0.0465384734093,0.0466154965359,0.0467310312258,0.0467475361815,0.0467585394853,0.0467640411372,0.0468465659156,0.0468080543524,0.0472261798966,0.0472701931118,0.0472426848523,0.0472536881561,0.0472371832004,0.0473637211941,0.0473802261498,0.0473527178903,0.0474187377131,0.047748836827,0.047963401251,0.0482164772384,0.048997711808,0.0490362233712,0.0493938307447,0.049426840656,0.0493443158776,0.0496964215991,0.0498504678522,0.0498229595927,0.0494983621307,0.049426840656,0.0490527283269,0.0492892993586,0.0493388142257,0.0494708538712,0.0498394645484,0.0497239298586,0.0497239298586,0.0496359034282,0.0501420554028,0.050461151213,0.0508627718015,0.0508462668459,0.0506317024218,0.0508847784091,0.0510443263142,0.0515779865484,0.0516440063711,0.0520786368711,0.0522766963395,0.0523317128584,0.0525022640673,0.0528323631812,0.0532669936812,0.0533055052445,0.0534760564533,0.053388030023,0.0534045349787,0.0534430465419,0.0535640828837,0.0539602018204,0.053767644004,0.0540482282508,0.0538006539153,0.0540647332065,0.0544608521432,0.0547359347381,0.0554236412254,0.0556932221684,0.0557592419912,0.0559462981558,0.0564139385671,0.0565734864722,0.0572006747886,0.0575417772063,0.0575142689468,0.0576463085924,0.057723331719,0.057827863105,0.0581909721303,0.0584660547253,0.0587081274088,0.0589336951366,0.0594508504151,0.0594288438075,0.0603641246302,0.060540177491,0.0608372666935,0.0614644550099,0.0619155904656,0.0622511912314,0.0626583134719,0.0635055678643,0.0639457000162,0.0648424692756,0.0652826014275,0.0657227335794,0.0665204731047,0.0668780804781,0.0673897341046,0.0680664372881,0.0686111008261,0.0687376388197,0.0693098106172,0.0696949262501,0.0697334378134,0.0705971971614,0.0709658078386,0.0715324779842,0.0716865242373,0.0719175936171,0.072517273674,0.0729849140854,0.0731169537309,0.0735185743195,0.0741787725474,0.0739862147309,0.0740797428132,0.0740797428132,0.0745308782689,0.0749490038131,0.0754056409207,0.0756367103005,0.075658716908,0.0759448028068,0.0759723110663,0.0767315390283,0.0773092124776,0.0778758826231,0.0787396419712,0.0789432030914,0.079130259256,0.0798674806104,0.0804011408445,0.0808137647369,0.0813199167116,0.0819250984204,0.0830034221925,0.0835425840786,0.0838561782368,0.0842467955216,0.0845053731608,0.0850005218317,0.0864969711481,0.0868765851291,0.0878943907303,0.0880649419391,0.0876688230025,0.0881199584581,0.0886756252999,0.0893358235277,0.0900455366226,0.0902270911352,0.0896769259454,0.0902215894834,0.0901720746163,0.0908982926669,0.0917235404516,0.0920096263504,0.0923452271162,0.093115458382,0.0935610921857,0.0944028449262,0.0955306835654,0.0961798784894,0.0970766477489,0.0979294037931,0.0986501201918,0.099887991869,0.100663724787,0.101301916407,0.101868586552,0.102253702185,0.103232996223,0.104124263831,0.104784462059,0.105384142116,0.106385442761,0.106704538571,0.107370238451,0.108580601869,0.109290314964,0.109972519799,0.110335628824,0.111111361742,0.111634018672,0.11249777802,0.11264082097,0.113631118311,0.114280313235,0.114731448691,0.116255406267,0.117295218476,0.118026938178,0.118346033988,0.119556397406,0.120376143539,0.121630520172,0.12226321014,0.123022438102,0.124062250311,0.124584907241,0.125734752488,0.126664531659,0.128023439678,0.129371344393,0.130460671469,0.131368444032,0.132886899956,0.134658431867,0.135049049152,0.136011838234,0.137288221475,0.138482079937,0.140000535861,0.14046267462,0.141425463703,0.142679840335,0.143301527,0.144352342513,0.14631643224,0.147609320437,0.147999937721,0.149485383734,0.150591215765,0.15205465517,0.153105470683,0.154249814278,0.156043352797,0.15718219474,0.158381554854,0.159927519037,0.161803582335,0.163707153891,0.165709755183,0.167189699543,0.169076766144,0.171134383954,0.172141186252,0.173714658695,0.175211108011,0.176949630011,0.178886211479,0.179320841979,0.180371657492,0.181972638194,0.184145790694,0.185499197061,0.187221214106,0.188860706371,0.190500198637,0.192046162821,0.193399569188,0.195743272896,0.197509303156,0.199941033295,0.201063370282,0.203264031042,0.205937833864,0.207555319522,0.209139795269,0.211417479155,0.213117489592,0.214993552889,0.217018160788,0.218366065503,0.219956042902,0.221639548383,0.222970948142,0.225067077515,0.227498807654,0.228775190895,0.230882323572,0.232620845572,0.234287846097,0.236042873053,0.237819906616,0.239387877407,0.241726079464,0.243734182407,0.245483707711,0.247612846995,0.250132603565,0.252602845267,0.254121301191,0.256074387615,0.259089292856,0.261388983349,0.262505818685,0.264513921628,0.265779301564,0.267380282267,0.268931748102,0.269751494235,0.27208419464,