# R script for Peak Model
#  -- generated by MACS
p <- c(0.0411619536192,0.0480108262581,0.0548826048255,0.0620750663928,0.0687635975318,0.0691529983173,0.0689010331032,0.0684658204606,0.0681222315322,0.0679618900323,0.0683512908178,0.0690384686745,0.0691988101744,0.0687635975318,0.0689697508889,0.0684887263891,0.0684200086035,0.0686261619605,0.0683512908178,0.0688323153175,0.0686032560319,0.0681680433893,0.0677099248182,0.0684658204606,0.0682825730321,0.0686261619605,0.0683741967464,0.0681451374608,0.0686032560319,0.0689926568174,0.0693133398172,0.0686719738176,0.0691988101744,0.0681451374608,0.0681909493179,0.0675724892468,0.068030607818,0.0687865034604,0.0692446220316,0.0684658204606,0.0684658204606,0.0691300923888,0.0692446220316,0.0689468449603,0.0695423991028,0.0704815421737,0.0707106014593,0.070206671031,0.0695194931743,0.0700234236025,0.0698859880312,0.0695423991028,0.0697027406027,0.0698630821026,0.0690613746031,0.0685574441748,0.0681909493179,0.0675724892468,0.0678702663181,0.0676412070325,0.0674350536755,0.0677786426038,0.0675266773897,0.0678931722466,0.068809409389,0.0688552212461,0.0683054789607,0.0695194931743,0.0689010331032,0.0687865034604,0.0692904338887,0.0693133398172,0.0685574441748,0.0691300923888,0.0691071864602,0.0696340228171,0.0696340228171,0.0697256465313,0.0697714583884,0.0703899184595,0.0702295769596,0.0700234236025,0.0705960718165,0.0702524828881,0.0700692354597,0.0689468449603,0.0695882109599,0.0691071864602,0.0694049635315,0.0693133398172,0.0692675279601,0.0690384686745,0.0692675279601,0.0697027406027,0.0695653050314,0.0700921413882,0.0697256465313,0.0694736813171,0.0691988101744,0.0691759042459,0.0693591516744,0.0695423991028,0.0683971026749,0.0679160781752,0.0675953951754,0.0678473603895,0.0678931722466,0.0685803501034,0.0686719738176,0.0685574441748,0.0683054789607,0.0678931722466,0.0694507753886,0.0689697508889,0.0683283848892,0.0684658204606,0.0677557366753,0.0673663358898,0.0677328307467,0.0674121477469,0.0675037714611,0.0682138552464,0.0668165936044,0.0679389841037,0.0690842805317,0.0686719738176,0.0695423991028,0.0697485524598,0.0700921413882,0.0704815421737,0.0710083785305,0.0704815421737,0.0712832496732,0.0708022251735,0.0708251311021,0.0717413682444,0.0712832496732,0.0707106014593,0.070412824388,0.0698401761741,0.0693591516744,0.0694736813171,0.0688781271746,0.069015562746,0.068442914532,0.0675495833183,0.0685574441748,0.0687406916033,0.0680077018894,0.0679160781752,0.0677786426038,0.0676870188896,0.0683283848892,0.0682825730321,0.0679847959609,0.0684887263891,0.0678473603895,0.0682596671036,0.0686032560319,0.0687865034604,0.0685574441748,0.0687635975318,0.068236761175,0.0679618900323,0.0686261619605,0.0687865034604,0.0688323153175,0.0685574441748,0.0685803501034,0.0692446220316,0.0697485524598,0.0696569287456,0.0697485524598,0.0705044481023,0.0701150473168,0.0695423991028,0.0696340228171,0.0692675279601,0.0691988101744,0.0688323153175,0.0683283848892,0.0683283848892,0.0689926568174,0.0686261619605,0.0689239390317,0.0686032560319,0.0684658204606,0.0686032560319,0.0689239390317,0.0688552212461,0.0690613746031,0.0696340228171,0.0691071864602,0.0690842805317,0.0692904338887,0.0693362457458,0.069221716103,0.0696798346742,0.0699547058169,0.0702295769596,0.0693591516744,0.068649067889,0.0688552212461,0.068030607818,0.0669082173186,0.0673663358898,0.067251806247,0.0671143706756,0.066473004676,0.066060697962,0.0672976181041,0.0680535137465,0.0675495833183,0.0680764196751,0.0680077018894,0.0679618900323,0.0685803501034,0.0683741967464,0.0689239390317,0.0687635975318,0.0683971026749,0.0676870188896,0.0681451374608,0.0684200086035,0.0696798346742,0.0697714583884,0.0691529983173,0.0687865034604,0.069221716103,0.0700463295311,0.0698172702455,0.0699547058169,0.0703670125309,0.069794364317,0.0694736813171,0.0686261619605,0.0684887263891,0.0689697508889,0.0677557366753,0.0662897572476,0.0669311232472,0.0675037714611,0.0677328307467,0.0672289003184,0.0678015485324,0.0682138552464,0.0692446220316,0.0690384686745,0.0700463295311,0.0712603437447,0.0710770963162,0.0709625666734,0.0702982947452,0.0711458141019,0.0699776117454,0.0694049635315,0.068809409389,0.0691529983173,0.0689239390317,0.0687177856747,0.0681222315322,0.0678473603895,0.068030607818,0.0683512908178,0.0684200086035,0.0693133398172,0.0691529983173,0.0686948797462,0.0688552212461,0.0696569287456,0.0705960718165,0.0702295769596,0.0707564133164,0.0705273540308,0.0704357303166,0.0706647896022,0.0705731658879,0.0709396607449,0.0705731658879,0.0702295769596,0.070206671031,0.0706189777451,0.0716726504587,0.0716497445302,0.0724285461012,0.0725201698154,0.0730699121008,0.0727034172439,0.0724514520297,0.0720849571728,0.0711687200305,0.0712832496732,0.0697714583884,0.0694736813171,0.0694965872457,0.0687635975318,0.0683741967464,0.0691529983173,0.0700921413882,0.0712374378161,0.0728637587438,0.0736654662433,0.0747878567427,0.0765974250988,0.0781321223122,0.0807663040964,0.0816596353101,0.0829652732379,0.0839960400231,0.0847519356655,0.0852329601652,0.0855994550221,0.0864927862359,0.0877297063781,0.0877297063781,0.0869279988785,0.0877755182352,0.0882107308778,0.0883481664491,0.0882794486635,0.0885314138776,0.0886230375918,0.0883939783063,0.0876838945209,0.0876151767353,0.0875693648782,0.0882107308778,0.0883252605206,0.0885314138776,0.0880732953064,0.088096201235,0.0884856020205,0.0884168842348,0.0888979087345,0.0893560273057,0.08928730952,0.0887604731632,0.0882565427349,0.0877297063781,0.0884856020205,0.0884397901634,0.0884168842348,0.0886230375918,0.0873403055926,0.0866989395929,0.0869967166642,0.0879358597351,0.088302354592,0.0891498739487,0.0896996162341,0.0905929474478,0.0911426897332,0.0921047387327,0.0931355055178,0.0936623418746,0.0940975545173,0.0935249063033,0.0936394359461,0.0935020003747,0.0929064462322,0.0925857632324,0.0919673031613,0.0914862786616,0.0920589268756,0.0927002928752,0.0929522580893,0.0929751640179,0.0923796098754,0.0920589268756,0.0925628573039,0.0923337980183,0.0926315750895,0.0923567039468,0.0906845711621,0.0897454280912,0.0904555118765,0.0903180763051,0.0907532889478,0.0915320905187,0.0912114075189,0.0914862786616,0.0913030312331,0.0914175608759,0.0928835403037,0.0933416588748,0.0923567039468,0.0925399513753,0.0926773869466,0.0922650802326,0.0921734565184,0.0913946549474,0.0920131150185,0.0916008083044,0.0907074770906,0.0915320905187,0.0919902090899,0.092036020947,0.0918527735185,0.0924025158039,0.0925170454467,0.0931813173749,0.0936165300175,0.0948763560882,0.0952886628023,0.094784732374,0.0953802865165,0.095975840659,0.0965713948015,0.0967775481586,0.0979686564436,0.0986329283718,0.0991368588001,0.0979686564436,0.0990223291573,0.0992284825143,0.0976479734438,0.0975105378724,0.0980831860864,0.0974647260153,0.0970066074442,0.097327290444,0.0976021615867,0.0987703639431,0.0994117299428,0.0997782247997,0.10167941687,0.10248112437,0.102297876941,0.103099584441,0.103695138583,0.103718044512,0.103649326726,0.103099584441,0.101954288013,0.101541981299,0.102183347298,0.102366594727,0.102389500655,0.102893431084,0.103099584441,0.10358060894,0.103259925941,0.103672232655,0.104405222368,0.105046588368,0.10470299944,0.105046588368,0.106008637368,0.106535473724,0.106489661867,0.106741627081,0.108276324295,0.108940596223,0.10946743258,0.110314951936,0.110200422294,0.110658540865,0.111185377222,0.111322812793,0.112399391435,0.112857510006,0.112422297364,0.114117336077,0.113934088649,0.114689984291,0.115995622219,0.115995622219,0.117392883861,0.117896814289,0.117690660932,0.119110828503,0.119523135217,0.119683476717,0.121080738359,0.121332703573,0.121790822144,0.122432188144,0.121745010287,0.122569623715,0.122959024501,0.122317658501,0.122500905929,0.122386376287,0.123096460072,0.122867400786,0.123943979429,0.125387052928,0.125730641856,0.125799359642,0.127356962784,0.12916653114,0.130082768282,0.130426357211,0.130288921639,0.13138840621,0.130243109782,0.130357639425,0.131754901067,0.132900197495,0.132831479709,0.131617465496,0.132877291566,0.135259508136,