trials=1000; successes=1000; alpha=0.025; lowp=0.99538; highp=1; bfnCutoff=0.016667
trials=1000; successes=1000; alpha=0.025; lowp=0.99538; highp=1; bfnCutoff=0.016667
trials=1000; successes=1000; alpha=0.025; lowp=0.99538; highp=1; bfnCutoff=0.016667
