# R script for Peak Model
#  -- generated by MACS
p <- c(0.0378440999614,0.0445192254648,0.0512771004579,0.058034975451,0.0642687703426,0.0644618524852,0.0645997683014,0.0655375958515,0.0658410106471,0.0661168422795,0.06501351575,0.0644618524852,0.0642136040161,0.0632206101396,0.0630826943234,0.0628896121807,0.0627792795278,0.0615380371821,0.0615656203453,0.0618966183042,0.0620621172836,0.062227616263,0.062227616263,0.0628344458543,0.0631102774866,0.0633585259558,0.0633309427925,0.063386109119,0.0623931152425,0.0615932035086,0.0618138688145,0.0618414519777,0.061758702488,0.0618966183042,0.0615932035086,0.0614552876924,0.0610967065703,0.0613173718762,0.0615932035086,0.0624758647322,0.0631378606499,0.0635240249352,0.0629723616704,0.0626965300381,0.0628344458543,0.062337948916,0.0625586142219,0.062227616263,0.0628344458543,0.0627792795278,0.0625310310586,0.0619242014674,0.0618414519777,0.0609863739174,0.060710542285,0.0607932917747,0.060710542285,0.0615380371821,0.0615380371821,0.0610691234071,0.0605174601423,0.060710542285,0.0614828708556,0.0615932035086,0.0616483698351,0.0615932035086,0.0625861973851,0.0627241132013,0.0622827825895,0.0614828708556,0.0618138688145,0.0616483698351,0.0618690351409,0.0628896121807,0.0631102774866,0.0632206101396,0.0619793677939,0.0614277045292,0.0621724499366,0.0628896121807,0.062806862691,0.0621724499366,0.0615380371821,0.0608484581012,0.0609863739174,0.0612346223865,0.0617862856512,0.0619793677939,0.0618414519777,0.0621448667733,0.0625861973851,0.062337948916,0.0628620290175,0.0630826943234,0.0636895239146,0.0630826943234,0.0631930269763,0.0622000330998,0.0623931152425,0.0619517846307,0.0611518728968,0.0623655320792,0.0622000330998,0.0626965300381,0.0620069509571,0.0625861973851,0.0629447785072,0.0637722734043,0.0630275279969,0.062917195344,0.063386109119,0.0633033596293,0.062806862691,0.0621448667733,0.0624482815689,0.0627792795278,0.0622827825895,0.0623931152425,0.0626137805484,0.062227616263,0.0623103657527,0.0623655320792,0.0622551994263,0.0626137805484,0.0621448667733,0.0624206984057,0.0623931152425,0.0617311193248,0.0620897004468,0.0628896121807,0.0625861973851,0.0626137805484,0.0624758647322,0.0621172836101,0.0620621172836,0.0616483698351,0.0620345341204,0.0627516963645,0.0620621172836,0.0612070392233,0.0614552876924,0.0609587907541,0.0611518728968,0.0618966183042,0.0620897004468,0.0614828708556,0.0614552876924,0.0605726264688,0.0613173718762,0.0627792795278,0.0630826943234,0.0628344458543,0.0630275279969,0.0631102774866,0.0631378606499,0.0645170188117,0.0641308545264,0.06501351575,0.0655375958515,0.0642963535058,0.0641032713632,0.0644066861588,0.0645721851382,0.0642687703426,0.0638274397308,0.0637998565676,0.0641308545264,0.0641860208529,0.0631930269763,0.0633585259558,0.062806862691,0.062337948916,0.0626689468748,0.0617035361615,0.0616207866718,0.0599657968776,0.0595244662658,0.0590279693275,0.0585866387157,0.0591934683069,0.0594968831026,0.0599657968776,0.0598002978982,0.0606553759585,0.0609312075909,0.0616207866718,0.0614277045292,0.061289788713,0.0621448667733,0.0617035361615,0.061289788713,0.0609863739174,0.0604622938159,0.0603795443261,0.06024162851,0.0607932917747,0.0613725382027,0.0613173718762,0.061289788713,0.0618138688145,0.0624206984057,0.0626413637116,0.063275776466,0.0631930269763,0.0635791912617,0.0633309427925,0.0627792795278,0.063386109119,0.062806862691,0.0627792795278,0.0631930269763,0.0636619407514,0.0635516080984,0.0637722734043,0.0637446902411,0.0633309427925,0.0639377723837,0.0637722734043,0.0643239366691,0.0639377723837,0.0635516080984,0.0632206101396,0.062806862691,0.0627792795278,0.0626965300381,0.0631654438131,0.0631378606499,0.0631654438131,0.0630826943234,0.0634136922822,0.0630551111601,0.0637171070778,0.0635240249352,0.0633309427925,0.0631654438131,0.0625586142219,0.0613173718762,0.0617311193248,0.0612622055497,0.0610967065703,0.0611242897335,0.0606277927953,0.0613173718762,0.0617862856512,0.0614277045292,0.0620621172836,0.0631378606499,0.0629723616704,0.0631378606499,0.0625861973851,0.0632481933028,0.0629999448337,0.0628344458543,0.0623931152425,0.0630275279969,0.0627792795278,0.062806862691,0.0621724499366,0.0621724499366,0.0630551111601,0.0627792795278,0.0633309427925,0.0633309427925,0.0634964417719,0.063855022894,0.0641308545264,0.0647928504441,0.0656203453412,0.0662547580957,0.0661168422795,0.0661995917692,0.0660892591162,0.0661168422795,0.0662547580957,0.0662823412589,0.0658961769736,0.0653996800353,0.0661444254427,0.0659513433,0.0661444254427,0.0660065096265,0.0667788381972,0.0665581728913,0.0674684172781,0.0677442489105,0.068157996359,0.0683786616649,0.0676339162575,0.0674132509516,0.0677994152369,0.0683510785017,0.0676614994208,0.0678821647267,0.0673580846251,0.0681028300325,0.0692337397253,0.0699784851327,0.0703094830915,0.0705025652342,0.070364649418,0.0706680642136,0.0719093065593,0.0721023887019,0.0733436310476,0.0730677994152,0.0723506371711,0.0719644728858,0.0726264688034,0.0743642080874,0.0753296188007,0.0756881999228,0.0753020356374,0.0760467810449,0.075826115739,0.0759088652287,0.0767915264523,0.0782810172671,0.0785844320627,0.0775362718597,0.0768466927787,0.0772052739008,0.0777569371656,0.0788878468583,0.0785844320627,0.0793015943068,0.0794946764495,0.0787775142053,0.0788878468583,0.0805704198157,0.081646163182,0.0818116621614,0.0824184917526,0.0817840789982,0.0817013295085,0.0818392453247,0.0820874937938,0.0819219948144,0.0813703315496,0.0803221713466,0.0800463397142,0.0800463397142,0.0791636784906,0.0790809290009,0.0807083356319,0.0808186682849,0.0804325039996,0.0818392453247,0.08316323716,0.0841562310366,0.0846527279748,0.0845975616484,0.0855078060352,0.0857008881779,0.0849285596072,0.0851216417499,0.085480222872,0.0851216417499,0.0855353891984,0.0851216417499,0.0853147238925,0.0857008881779,0.0860043029735,0.0866387157279,0.0871352126662,0.088045457053,0.0886798698075,0.0882109560324,0.087576543278,0.0868869641971,0.0866662988912,0.0861422187897,0.0863353009323,0.0859215534838,0.0859215534838,0.0848458101175,0.0845423953219,0.0844596458322,0.0848458101175,0.0849837259337,0.0844872289954,0.0851768080764,0.0847630606278,0.0847630606278,0.0845975616484,0.0848458101175,0.084211397363,0.0847630606278,0.0844320626689,0.0855353891984,0.0869697136868,0.08699729685,0.0872179621559,0.0884592045016,0.0889281182766,0.0878799580736,0.0886798698075,0.0882937055221,0.0892866993987,0.089672863684,0.0897280300105,0.0908589397032,0.0916588514371,0.0917967672533,0.0921553483754,0.0944723340873,0.0952170794947,0.0963479891874,0.0957135764329,0.0949412478623,0.0956308269432,0.0958239090859,0.0963755723506,0.097230650411,0.0977823136757,0.0988856402052,0.0997131351023,0.100154465714,0.101533623876,0.103133447344,0.103381695813,0.103712693772,0.10412644122,0.104429856016,0.105367683566,0.104650521322,0.105560765709,0.10600209632,0.1061675953,0.106581342748,0.106553759585,0.107160589176,0.107160589176,0.106526176422,0.105781431015,0.105891763667,0.105036685607,0.105946929994,0.106664092238,0.107077839687,0.108319082032,0.10889832846,0.110442985602,0.111270480499,0.112953053456,0.114552876924,0.116704363656,0.116511281514,0.116511281514,0.118055938655,0.118690351409,0.11954542947,0.119710928449,0.121007337121,0.121062503448,0.121779665692,0.122083080488,0.123489821813,0.1244000662,0.12431731671,0.124344899873,0.125393060076,0.124924146301,0.126137805484,0.127020466707,0.127185965687,0.128013460584,0.129723616704,0.131102774866,0.132537099355,0.134164505986,0.133668009047,0.134523087108,0.134385171291,0.134964417719,0.135902245269,0.136288409555,0.134247255475,0.13386109119,0.134412754455,0.134219672312,0.13471616925,0.136398742208,0.137088321289,0.137502068737,0.137943399349,0.138936393226,0.140784465162,0.142025707508,0.142108456998,0.142687703426,0.143846196282,0.143818613119,0.144149611077,0.144784023832,0.145914933525,0.14536327026,0.146880344238,0.147625089645,0.147928504441,0.148507750869,0.148728416175,0.150162740663,0.151707397804,0.152700391681,0.153196888619,