# R script for Peak Model
#  -- generated by MACS
p <- c(0.0278904276572,0.0326278381611,0.0374341564541,0.0424299711673,0.0468400696727,0.046977885251,0.0472018355657,0.0471846086184,0.04685729662,0.0468056157781,0.0472535164075,0.0470640199874,0.0468056157781,0.0468400696727,0.0477186439843,0.0481493176665,0.0482182254556,0.0486316721905,0.0490967997672,0.0489245302944,0.0484938566122,0.0490967997672,0.049561927344,0.0496997429223,0.0496997429223,0.0500270549207,0.05028545913,0.0503715938664,0.0505438633393,0.0510434448106,0.0510778987052,0.0509573100742,0.0506816789176,0.049923693237,0.0494068848184,0.0493896578711,0.049320750082,0.0496997429223,0.0497169698696,0.0498375585006,0.0503543669192,0.0504405016556,0.0509573100742,0.0516119340711,0.0520081538587,0.0514913454401,0.0519392460695,0.0514052107037,0.0509056292323,0.050406047761,0.0497858776587,0.050044281868,0.0498892393424,0.0495102465021,0.0488900763998,0.0494241117657,0.0493896578711,0.0501304166044,0.0506127711285,0.0506127711285,0.0512846220726,0.0509917639688,0.0507850406013,0.0512673951254,0.0519909269114,0.051784203544,0.0514052107037,0.0507333597595,0.0502337782882,0.0496652890277,0.0495447003967,0.0497686507114,0.0503026860773,0.0504577286029,0.0502165513409,0.0501820974463,0.0506989058649,0.0507333597595,0.0506989058649,0.0509745370215,0.0510089909161,0.0503715938664,0.0499064662897,0.0497686507114,0.0505438633393,0.0504921824975,0.0503371399719,0.0506989058649,0.0510434448106,0.051784203544,0.0514052107037,0.0516463879657,0.051663614913,0.0518186574385,0.0511984873362,0.0508367214432,0.0508711753378,0.0511123525998,0.0518014304912,0.0512329412308,0.0515430262819,0.0517325227021,0.0515257993347,0.0511812603889,0.0508022675486,0.0520942885951,0.0519220191223,0.0514913454401,0.0515774801765,0.0515085723874,0.0516980688075,0.0515774801765,0.0520770616478,0.0526110970137,0.0532484940633,0.0520598347006,0.0524732814354,0.0523010119626,0.051784203544,0.0524388275409,0.0524043736463,0.0532140401688,0.0530073168013,0.052387146699,0.052025380806,0.0526627778556,0.0528867281703,0.0533001749052,0.0537480755347,0.0538858911129,0.0549022810029,0.0545577420571,0.0548678271083,0.0551779121595,0.0553501816323,0.0554190894215,0.0554190894215,0.054971188792,0.0547127845827,0.0544199264788,0.0534896713254,0.0537997563765,0.0538858911129,0.0540237066912,0.0543854725843,0.0548333732137,0.0552468199486,0.056711110468,0.0565560679424,0.0568833799408,0.0573485075176,0.0571762380447,0.0574174153067,0.0587094363532,0.0588989327734,0.0581409470928,0.0572795997284,0.056349344575,0.0565560679424,0.0570384224664,0.057434642254,0.0579859045672,0.0575724578323,0.0562287559439,0.0565216140478,0.057555230885,0.0580031315145,0.0581409470928,0.0586405285641,0.0587438902478,0.0587438902478,0.0582615357238,0.0592090178246,0.059656918454,0.0594329681393,0.0597602801377,0.0605010388711,0.0614312940245,0.0616896982338,0.061517428761,0.0613279323408,0.062482137809,0.0616207904447,0.0623443222307,0.0623960030726,0.0619653293904,0.0616724712866,0.0610695281315,0.0614657479191,0.0618964216013,0.0623787761253,0.0619653293904,0.0630506270695,0.0631539887532,0.0638775205393,0.0643254211687,0.0644976906416,0.0651523146385,0.0646871870617,0.0648422295873,0.0645493714834,0.0642737403269,0.0646010523253,0.0646699601144,0.0645149175889,0.0641359247486,0.0642737403269,0.0641359247486,0.0643771020106,0.0640670169594,0.0648422295873,0.0652729032695,0.0644115559051,0.0643598750633,0.0638775205393,0.064101470854,0.0643943289579,0.0643943289579,0.0646699601144,0.0652901302168,0.0652729032695,0.0655485344261,0.0661170236865,0.066564924316,0.0671506405237,0.0676157681005,0.0677880375734,0.0674951794695,0.0681153495718,0.0681498034664,0.0688044274633,0.0687182927268,0.068907789147,0.0683909807284,0.068666611885,0.0689250160943,0.0692351011454,0.0703893066136,0.070647710823,0.0698552712478,0.0693384628292,0.0701825832462,0.0707510725067,0.0713367887144,0.0725082211299,0.0720775474478,0.0726804906028,0.0726288097609,0.0728872139702,0.0746271356462,0.0750233554338,0.0746443625935,0.0743515044896,0.0748166320663,0.0744893200679,0.0752300788012,0.0750750362756,0.0761258800601,0.076298149533,0.0756779794307,0.0751611710121,0.0755229369051,0.0761947878493,0.0762292417439,0.0763498303749,0.0760052914291,0.076298149533,0.07593638364,0.0746960434353,0.0752989865904,0.0761258800601,0.0765048729004,0.0769355465826,0.0772111777392,0.0779347095252,0.0790372341516,0.0792956383609,0.0797090850958,0.0812595103516,0.0809494253004,0.0818624535066,0.0821208577159,0.0820174960322,0.0824481697144,0.08158682235,0.0813111911934,0.0816212762446,0.0819485882431,0.0821380846632,0.0822242193996,0.0823448080307,0.0827754817128,0.0834990134989,0.0838607793919,0.0843259069686,0.0850838926492,0.0853939777004,0.0858591052771,0.0868065873779,0.0884259204229,0.0888738210523,0.0895112181019,0.090114161257,0.091320047567,0.0926120686136,0.093421735136,0.0944898058678,0.0955923304942,0.0967293090151,0.0975562024848,0.098469230691,0.0993305780554,0.100071336789,0.100605372155,0.100691506891,0.101156634468,0.101570081203,0.101880166254,0.102638151934,0.103189414248,0.102931010038,0.103396137615,0.103792357403,0.103241095089,0.104050761612,0.104309165821,0.10463647782,0.105239420975,0.1053944635,0.105118832344,0.105670094657,0.106634803705,0.106996569598,0.107857916962,0.108598675696,0.108994895483,0.109666746427,0.11002851232,0.109976831479,0.110321370424,0.111406668103,0.110597001581,0.110924313579,0.110907086632,0.111406668103,0.111510029787,0.11149280284,0.111354987262,0.111234398631,0.112147426837,0.112423057993,0.113043228096,0.11454197251,0.115541135452,0.11529995819,0.116281894186,0.11676424871,0.11669534092,0.117349964917,0.117746184705,0.118142404493,0.118125177545,0.117315511023,0.117815092494,0.118176858387,0.119124340488,0.120020141747,0.122431914367,0.123207126995,0.12362057373,0.124154609096,0.125429403195,0.126583608663,0.128306303392,0.129667232227,0.129908409489,0.13047689875,0.130339083172,0.131252111378,0.131355473061,0.132165139584,0.13269917495,0.133198756421,0.132423543793,0.13307816779,0.13390506126,0.134060103785,0.133922288207,0.134456323573,0.136058429671,0.135868933251,0.136161791354,0.136368514722,0.137557174085,0.138470202291,0.138332386713,0.138694152606,0.139865585021,0.140175670072,0.140606343754,0.141622733644,0.142294584589,0.142070634274,0.143293747531,0.143259293637,0.144086187106,0.144602995525,0.145688293204,0.145808881835,0.146136193833,0.147014768145,0.147893342457,0.149736625816,0.149805533606,0.150425703708,0.151011419916,0.152940838012,0.152027809806,0.154146724322,0.155283702843,0.155800511261,0.156524043047,0.157368163464,0.158798000089,0.160227836714,0.160469013976,0.162243389547,0.163156417753,0.162708517123,0.163294233331,0.164345077116,0.165482055636,0.166894665314,0.167015253945,0.166619034157,0.168617360043,0.168358955833,0.169599296038,0.170305600877,0.170271146982,0.170753501506,0.171132494347,0.170960224874,0.171511487187,0.172476196235,0.172390061498,0.17270014655,0.173854352018,0.175025784433,0.176403940216,0.177971592419,0.17835058526,0.179039663151,0.17955647157,0.180521180618,0.181227485457,0.180814038722,0.181692613033,0.182743456818,0.182967407133,0.182381690925,0.182571187345,0.183070768816,0.183484215551,0.184104385653,0.185482541436,0.186206073222,0.186257754064,0.185947669013,0.187360278691,0.188703980579,0.19021995194,0.192046008353,0.192476682035,0.193114079084,0.19364811445,0.195629213388,0.196731738015,0.19854056748,0.198712836953,0.198437205796,0.199384687897,0.197644766221,0.196731738015,0.196852326646,0.197817035694,0.196800645804,0.196180475701,0.195818709808,0.196266610438,0.197989305167,0.19828216327,0.199763680737,0.202313268936,0.203295204931,0.20298511988,0.202761169565,0.20419100619,0.204432183452,0.204656133767,0.203450247456,0.203019573774,0.203588063035,0.203794786402,0.203519155246,0.202554446198,0.203674197771,0.201951503043,0.201624191044,0.200848978416,0.200728389785,0.200159900525,