# R script for Peak Model
#  -- generated by MACS
p <- c(0.0462411874625,0.0536784921934,0.0611157969244,0.0689478900914,0.0763469894898,0.0763215192682,0.0761941681598,0.0762960490465,0.0762833139356,0.0759139957213,0.0756210881719,0.0757102339478,0.0755192072852,0.075455531731,0.0753154455117,0.0757357041695,0.0753663859551,0.0746277495263,0.0746022793047,0.0746786899697,0.0744367228637,0.074258431312,0.0744494579746,0.0742456962011,0.0741820206469,0.0739273184301,0.0741056099819,0.0744112526421,0.0742074908686,0.0744494579746,0.0750862135166,0.0755828828394,0.0758885254996,0.0758248499454,0.0759139957213,0.075773909502,0.0759649361646,0.0757102339478,0.075455531731,0.0748824517432,0.0745895441938,0.0741310802036,0.0740674046494,0.0738254375434,0.0742329610903,0.0742966366445,0.0743093717553,0.0747041601914,0.0749588624082,0.0750734784058,0.0753409157334,0.0751498890708,0.0748697166323,0.074818776189,0.0745386037505,0.0743475770879,0.0743221068662,0.0741056099819,0.0737744971,0.0736344108808,0.0733032979989,0.0733415033314,0.0730231255604,0.0728830393412,0.0728830393412,0.0729849202279,0.0728066286761,0.0727684233436,0.0724627806834,0.0726665424569,0.0726028669027,0.0730358606713,0.0730231255604,0.0734051788856,0.0732268873339,0.0730995362255,0.0730995362255,0.0735197948832,0.0739782588735,0.0736089406591,0.0738763779867,0.073456119329,0.0735070597724,0.0731886820014,0.073379708664,0.0736471459916,0.0737617619892,0.0731759468905,0.073214152223,0.0732268873339,0.0728448340087,0.0729594500062,0.0735070597724,0.0741310802036,0.0741692855361,0.0742839015337,0.0746914250806,0.0750862135166,0.0750352730733,0.0754682668418,0.076015876608,0.0760413468297,0.075773909502,0.0752772401792,0.0754173263985,0.0754427966202,0.0749588624082,0.0751753592925,0.0753536508443,0.0753409157334,0.0752390348467,0.0753536508443,0.0753536508443,0.0754300615093,0.0752008295142,0.0750352730733,0.0753154455117,0.0749970677407,0.0747805708564,0.0741565504252,0.0741820206469,0.0738763779867,0.0740546695385,0.0743221068662,0.0741820206469,0.0741820206469,0.0741438153144,0.0745258686396,0.0745003984179,0.0747296304131,0.0742839015337,0.0747041601914,0.0744367228637,0.0743093717553,0.0744621930854,0.0739782588735,0.073940053541,0.0737617619892,0.0736344108808,0.0734688544398,0.0738891130976,0.073940053541,0.0736853513241,0.0738254375434,0.0739527886518,0.0742839015337,0.0743857824204,0.0741310802036,0.0744876633071,0.0748315112998,0.0745386037505,0.0742711664228,0.0744239877529,0.0740037290952,0.0741056099819,0.0743730473095,0.0738891130976,0.0738509077651,0.0735962055483,0.0737108215458,0.073940053541,0.073379708664,0.0732268873339,0.0735197948832,0.0726665424569,0.0723608997967,0.0733287682206,0.0735707353266,0.0739909939843,0.0738763779867,0.0738127024325,0.0747933059673,0.0750480081841,0.0753281806226,0.0756338232828,0.0756592935044,0.0755828828394,0.075773909502,0.0755574126177,0.0758630552779,0.0763979299332,0.0763597246007,0.0768436588126,0.076576221485,0.077454944133,0.0778242623474,0.0774167388005,0.0771875068053,0.0774676792438,0.0771110961403,0.0763597246007,0.0758885254996,0.0752899752901,0.0750862135166,0.0749079219648,0.0747296304131,0.0742711664228,0.0741692855361,0.0737362917675,0.0737744971,0.0739782588735,0.0737744971,0.0738763779867,0.0740419344277,0.0738509077651,0.0739655237626,0.0741183450927,0.0743475770879,0.0744112526421,0.0745003984179,0.073698086435,0.0740291993168,0.0738891130976,0.0737744971,0.0734433842182,0.0728448340087,0.0729467148954,0.0729594500062,0.0727684233436,0.072653807346,0.0731886820014,0.0730613308929,0.0730231255604,0.0727429531219,0.0727047477894,0.0730231255604,0.0730358606713,0.0727302180111,0.0723608997967,0.0726792775677,0.0722972242425,0.072500986016,0.0724627806834,0.0727047477894,0.0729849202279,0.0726156020135,0.0724373104618,0.0722208135775,0.0723608997967,0.0719788464715,0.0725646615702,0.072577396681,0.073137741558,0.0732268873339,0.0729721851171,0.0730613308929,0.0728448340087,0.0732778277772,0.0737999673217,0.0736853513241,0.0735962055483,0.0736089406591,0.0738509077651,0.0739909939843,0.073940053541,0.0741310802036,0.0745513388613,0.0746914250806,0.074576809083,0.0750352730733,0.0754045912876,0.0749588624082,0.0747168953022,0.074818776189,0.074818776189,0.0751753592925,0.0752645050684,0.0752390348467,0.0751880944033,0.07513715396,0.0753154455117,0.0760413468297,0.0759012606104,0.075455531731,0.0758121148345,0.0759394659429,0.0758885254996,0.0757611743912,0.0766144268175,0.0763851948224,0.0763724597115,0.0760540819405,0.0760795521622,0.07665263215,0.0769837450319,0.0772384472487,0.0779006730124,0.0784737530002,0.0779643485666,0.0781935805617,0.0781808454509,0.0782572561159,0.0789194818797,0.078575633887,0.0785628987761,0.0787793956604,0.0790595680989,0.0792251245398,0.0797854694168,0.0803967547372,0.0806641920648,0.0813009476069,0.0817466764863,0.0828291609077,0.0837206186666,0.0840007911051,0.0838989102184,0.0834277111173,0.0834277111173,0.0836951484449,0.0838989102184,0.084166347546,0.0838352346642,0.0840517315484,0.0838989102184,0.0837460888883,0.0838734399967,0.0847776328664,0.0845484008712,0.0842936986544,0.0843573742086,0.084484725317,0.0845101955387,0.0845866062038,0.0839498506617,0.0836442080015,0.083211214233,0.0833258302305,0.0835550622257,0.0836187377799,0.0837842942208,0.083847969775,0.0839625857726,0.0836187377799,0.0845229306496,0.0850705404157,0.0854525937409,0.0853761830759,0.0855926799602,0.0860256737288,0.0861530248372,0.0857964417336,0.0860766141721,0.0862549057239,0.0858219119553,0.085529004406,0.085605415071,0.0853379777434,0.0851214808591,0.0846120764254,0.0845229306496,0.0844465199845,0.0841026719918,0.083847969775,0.0840262613268,0.0840517315484,0.0844719902062,0.0847776328664,0.0849941297507,0.0853125075217,0.0847776328664,0.0859365279529,0.0860002035071,0.0861275546155,0.0858728523987,0.0860002035071,0.0853507128542,0.0849431893073,0.0857709715119,0.0861148195046,0.0867006346033,0.0858346470661,0.0859110577312,0.085923792842,0.0863949919431,0.0866242239383,0.0871463634827,0.0874520061429,0.0863822568323,0.0857455012903,0.0854525937409,0.0856818257361,0.0856818257361,0.0857455012903,0.0854398586301,0.0849431893073,0.0844210497628,0.0842427582111,0.0846884870905,0.0854016532976,0.0855162692951,0.0855162692951,0.0855544746276,0.0852997724108,0.0852233617458,0.0853252426325,0.0850960106374,0.0852997724108,0.0850068648615,0.084650281758,0.0849177190856,0.0845484008712,0.0845229306496,0.0851469510807,0.0857072959577,0.0861148195046,0.0865223430515,0.0861275546155,0.0861402897263,0.0864586674973,0.0863822568323,0.0863567866106,0.0863695217215,0.0855926799602,0.0851724213024,0.0852360968566,0.0851724213024,0.085923792842,0.0865605483841,0.086089349283,0.0860766141721,0.0864714026082,0.0862549057239,0.0868534559334,0.08680251549,0.0868152506009,0.0866496941599,0.0862549057239,0.0858601172878,0.0862676408347,0.0863567866106,0.086484137719,0.0868279857117,0.0868534559334,0.0867643101575,0.0871463634827,0.0878085892464,0.0878213243573,0.0880378212416,0.0880632914633,0.088407139456,0.0887127821161,0.0890056896655,0.0889802194438,0.0893750078798,0.0885090203427,0.0884580798993,0.0886873118945,0.0886236363403,0.0887764576703,0.0882670532367,0.0878722648007,0.0878722648007,0.0879741456874,0.0877194434706,0.0877194434706,0.0876175625838,0.0873373901453,0.0874647412537,0.0873119199237,0.0872482443695,0.0872482443695,0.0868789261551,0.0873373901453,0.0871845688153,0.0875538870296,0.0874010656995,0.087604827473,0.087286449702,0.0870826879285,0.087846794579,0.0878722648007,0.087923205244,0.0871081581502,0.0874647412537,0.0876939732489,0.0885726958969,0.0890311598872,0.0892985972148,0.0894004781015,0.0891839812172,0.0894641536557,0.0895150940991,0.0897952665376,0.089999028311,0.0900117634219,0.0894259483232,0.0891712461064,0.0898844123135,0.0900754389761,0.0898716772026,0.0897188558725,0.0904065518579,0.0906994594073,0.091361685171,0.0914253607252,0.091680062942,0.0918965598263,0.0917055331637,0.0918965598263,