# R script for Peak Model
#  -- generated by MACS
p <- c(0.0198742151394,0.0231854334019,0.0266278573932,0.0301289786842,0.0334781775524,0.033381499647,0.0332399355711,0.0330880131482,0.0331812382713,0.0334816303348,0.0334056691233,0.0334160274703,0.0333711412999,0.0332261244417,0.0330293158484,0.0330224102838,0.0331536160126,0.0335679498932,0.0337578529218,0.0338683419567,0.0339719254268,0.0340651505499,0.0339615670798,0.0341134895027,0.0343379203547,0.0345002011246,0.0344069760014,0.0343137508783,0.0342170729728,0.0341652812378,0.0342585063609,0.034341373137,0.0344173343485,0.0341825451494,0.0342654119256,0.0342999397489,0.034362089831,0.0341790923671,0.0344069760014,0.0342481480139,0.0342757702726,0.0341687340201,0.034116942285,0.0342688647079,0.0342723174902,0.0343241092253,0.0343828065251,0.0343759009604,0.034341373137,0.0343862593074,0.0345209178186,0.0345002011246,0.0345174650363,0.03459687903,0.0347557070176,0.0347557070176,0.0347591597999,0.0348661960524,0.0347764237116,0.0348834599641,0.0347729709293,0.0349594211756,0.0350940796868,0.0350595518634,0.0349490628286,0.034810951535,0.0347626125823,0.0348627432701,0.0346935569355,0.0346521235475,0.0345588984243,0.0346659346768,0.034790234841,0.034810951535,0.0347142736295,0.0347936876233,0.0348869127465,0.0347108208472,0.034810951535,0.0347177264119,0.034790234841,0.0346175957241,0.0346521235475,0.0347349903236,0.0348627432701,0.0349559683932,0.0350975324691,0.0352252854156,0.0353288688858,0.0355429413907,0.0357052221606,0.0359158418833,0.0358433334542,0.0356430720786,0.0355567525201,0.0355394886084,0.0356189026022,0.035739749984,0.0357673722427,0.0358329751072,0.0358191639778,0.0355740164318,0.0357017693783,0.0360435948298,0.0360194253534,0.0360263309181,0.0360539531768,0.0359469169243,0.0359054835363,0.0358329751072,0.0358157111955,0.0358951251893,0.0357432027664,0.0356741471196,0.0359054835363,0.0359020307539,0.0358951251893,0.0358605973659,0.0360539531768,0.0360090670064,0.0360988393472,0.0362714784641,0.0363198174169,0.0364406647987,0.0362231395114,0.0365787760922,0.0365753233099,0.0367203401681,0.0369206015437,0.0371933713485,0.0372796909069,0.0372451630835,0.0372209936072,0.0372969548186,0.0376698553112,0.0376698553112,0.0379426251159,0.0381152642328,0.038035850239,0.0381359809268,0.0382084893559,0.0383189783908,0.0386297288012,0.0387989151358,0.0388438013062,0.0387022372303,0.0386538982776,0.0385503148074,0.0385434092428,0.0386090121072,0.0386090121072,0.0387505761831,0.0388507068709,0.0389370264293,0.0390337043348,0.03918907954,0.0390440626818,0.0390475154641,0.0389991765114,0.0388368957415,0.0390164404231,0.0390613265935,0.039158004499,0.0391062127639,0.0390440626818,0.0391027599816,0.0391925323224,0.0393686242216,0.0396828274144,0.0399141638311,0.0399038054841,0.0399728611308,0.0399625027838,0.0399659555661,0.0401869336358,0.0403146865823,0.0405114951756,0.0404458923112,0.040535664652,0.0407359260276,0.0411226376495,0.0412158627726,0.0414679158833,0.0416198383062,0.0419961915811,0.0420928694866,0.0421515667863,0.0424657699791,0.0423621865089,0.0422586030388,0.0420963222689,0.0421964529567,0.042189547392,0.0425244672788,0.0423138475562,0.0425555423199,0.0425279200612,0.0427661620425,0.0430078568062,0.0429836873298,0.0427696148249,0.0427730676072,0.0428455760363,0.0427040119604,0.0427523509132,0.0427627092602,0.0429457067241,0.0431839487055,0.0435395852863,0.0439090329965,0.0444200447826,0.0446720978933,0.0449621316097,0.0453212209729,0.0454178988784,0.045393729402,0.0455905379953,0.0456147074716,0.0457010270301,0.0459185523174,0.0459737968348,0.0460911914343,0.0459668912702,0.0458046105003,0.0461395303871,0.0467403145139,0.0469785564953,0.0470855927478,0.0470752344008,0.0471753650886,0.0472824013411,0.0475517183635,0.0478382992975,0.0480834468436,0.0482560859605,0.0480938051906,0.0480972579729,0.0482042942254,0.0484736112478,0.048649703147,0.0491123759804,0.0491261871097,0.0492332233622,0.0493609763087,0.0496751795015,0.0498340074891,0.0501689273759,0.0505970723859,0.0505487334331,0.0508422199319,0.0508732949729,0.0511426119953,0.0514464568411,0.0517468489045,0.0518193573336,0.0519989020152,0.0524374053722,0.0525755166657,0.0527895891707,0.0529069837702,0.0530692645401,0.0533731093859,0.0536527847553,0.0538461405662,0.0541914188001,0.0544779997341,0.0547300528448,0.0549441253498,0.055303214713,0.0555518150414,0.0557589819817,0.0559143571869,0.0561077129978,0.0561664102976,0.0561249769095,0.0563770300202,0.0563873883672,0.0564046522789,0.0566325359133,0.057160811611,0.0575440704506,0.0578755375551,0.058068893366,0.0587870720924,0.0592808199667,0.0595984759419,0.0598160012292,0.0602924851919,0.0606722912491,0.0608794581894,0.0613179615464,0.0615838257864,0.0620292347081,0.0618151622031,0.0623779657242,0.0627819412578,0.063141030621,0.0633999892964,0.0639075483001,0.0641043568934,0.0647154993673,0.0654026030526,0.0662209124668,0.0673258028151,0.0678644368598,0.0687863297442,0.0699809924332,0.0713482942392,0.0722909038176,0.0731506466198,0.0736616584059,0.0743349509619,0.0746802291957,0.0752188632405,0.075560688692,0.0761373033425,0.0760993227367,0.0760751532604,0.0763375647181,0.0764480537529,0.0770626490091,0.0775184162778,0.0777324887828,0.0779120334644,0.078550798197,0.078571514891,0.0793414853524,0.0798007054034,0.0804153006597,0.0809711986161,0.0814683992728,0.0818585636771,0.082714853697,0.0836022187579,0.0837886690042,0.0843307558313,0.0848245037057,0.0853320627094,0.0857912827604,0.0867822312915,0.0869203425851,0.0872897902953,0.0877697270403,0.0880355912803,0.0885327919371,0.0892164428401,0.0893165735279,0.0898931881784,0.0906355363811,0.0909393812269,0.0918716324582,0.0928832976834,0.0936670792742,0.0943058440067,0.0953969232257,0.0962946466336,0.0976032511398,0.0980037738911,0.0983386937779,0.0988117249583,0.0995160925553,0.0999476903476,0.100403457616,0.101125089125,0.101670628734,0.102233432256,0.102744444042,0.103697411967,0.104346535047,0.105144127767,0.105689667376,0.106545957396,0.107305569511,0.108303423606,0.108959452251,0.109867534006,0.110616787773,0.111511058399,0.112619401529,0.113575822237,0.114497715121,0.115233157759,0.115840847451,0.116338048108,0.117108018569,0.117681180437,0.118651412274,0.119210763013,0.120222428238,0.120733440024,0.121455071533,0.122173250259,0.123098595926,0.124148241757,0.12520134037,0.125902255185,0.126199194466,0.127169426303,0.127424932196,0.128678292185,0.129430998735,0.130563511342,0.132051660529,0.133318831648,0.134019746462,0.134689586236,0.135763401543,0.136823405721,0.138321913256,0.139122958758,0.140431563264,0.141726356641,0.142430724238,0.143487275634,0.144699202235,0.146394518363,0.147672047828,0.148897785558,0.14991980913,0.151401052753,0.152540470925,0.153382949816,0.154159825842,0.154864193439,0.156190061857,0.157381271763,0.158800365304,0.160205647716,0.16114135173,0.162429239542,0.163989897159,0.165467688,0.167211343081,0.169089656673,0.170570900296,0.171800090808,0.173222637132,0.17459339172,0.176357763495,0.17816702144,0.179151064406,0.180494196736,0.181996157053,0.182928408285,0.184278446179,0.185994479001,0.187807189729,0.189554297592,0.19173645603,0.193290208082,0.195462008173,0.197340321765,0.199232446486,0.201152193466,0.202875131853,0.204667125887,0.206742248072,0.208309811254,0.209566624025,0.211103112165,0.212404811107,0.214024166024,0.215798896145,0.218160599265,0.220805430536,0.222949608368,0.225086880636,0.227427867061,0.229616931063,0.231913031318,0.233929456204,0.236391290011,0.238373187073,0.240410328653,0.242105644781,0.244353406083,0.246335303146,0.248500197672,0.250820467403,0.252930117412,0.255844265705,0.258130007613,0.26056076638,0.263285011645,0.265798637187,0.268305357164,0.270169859627,0.272355470847,0.274575609891,0.276933860228,0.27907803806,0.280845862617,0.282627498304,0.283435449371,0.284709526054,0.285814416402,0.287278396114,0.288435078197,0.289688438186,0.291521865607,0.293382915288,0.295254323315,0.297111920213,0.299325153692,0.30112405329,0.302746860989,0.303924259767,0.305778403882,